Input name: ./input/PlateWithHole/PlateWithHole2D_QuadMesh4_506_463.inp

#Readinput	*Title
		PlateWithHole2D_QuadMesh4_506_463
	*Mesh
		./Mesh/PlateWithHole2D/QuadMesh4_506_463.NODE
			Total number of node: 506
		./Mesh/PlateWithHole2D/QuadMesh4_506_463.ELEM
			Total number of element: 463
	*ConstitutiveLaw
		Solid
		ElastoPlasticity
			1nd parameter : 200000.0
			2nd parameter : 0.3
			3nd parameter : 250.0
			4nd parameter : 0.2
			(1st and 2nd parameter are assumed as E and v)
	*LoadingStep
		100
	*BCFile
		BDC.BC_PlateWithHole2D
	*Plane
		planestress
	*ResultDirectory
		./Result/result_PlateWithHole2D/Quad_506_463
	*PlasticModel
		PlasticModel.J2Plasticity
	*ReturnMappingMode
		EigenSpace
step: 1
	0.8144883128855367
	4.0718927678393216e-27
step: 2
	0.23653161202311906
	1.2063893050578113e-27
step: 3
	0.10836860630867319
	5.419644851277752e-28
step: 4
	0.061622781598113734
	2.967438267534055e-28
step: 5
	0.03963886661577045
	2.0271244284102318e-28
step: 6
	0.027603138318117018
	1.3624187728864633e-28
step: 7
	0.020313739737570082
	9.99290062080877e-29
step: 8
	0.015569590575884477
	7.671977110471167e-29
step: 9
	0.012311061416992937
	6.422613765335449e-29
step: 10
	0.009977275288763021
	5.282362328638423e-29
step: 11
	0.008248935402428683
	4.23008662242052e-29
step: 12
	0.006933477767422819
	3.661546203637235e-29
step: 13
	0.005909195821184542
	2.9536729642450136e-29
step: 14
	0.005096118796049866
	2.4889765301673983e-29
step: 15
	0.004439949938353339
	2.385355694800765e-29
step: 16
	0.003902777675817588
	1.961034085884973e-29
step: 17
	0.003457482724846717
	1.8465699484857008e-29
step: 18
	0.0030842515936966596
	1.732936651963315e-29
step: 19
	0.002768336483845655
	1.5084473337593247e-29
step: 20
	0.0024985772807313567
	1.2715001746645506e-29
step: 21
	0.002266403159550675
	1.2434622079025342e-29
step: 22
	0.0020651438700904014
	1.0585765020140003e-29
step: 23
	0.0018895456109806184
	1.0515302564802159e-29
step: 24
	0.0017354248810255853
	9.450378436648493e-30
step: 25
	0.001599417134775047
	8.410000436537295e-30
step: 26
	0.0014787916914976865
	7.892667167458112e-30
step: 27
	0.0013713136668759753
	7.393805122127842e-30
step: 28
	0.0012751397553250046
	7.417876278738633e-30
step: 29
	0.001188738700695818
	6.693890922216855e-30
step: 30
	0.0011108299912656672
	6.18744803425623e-30
step: 31
	0.0010403361583203766
	5.8429190756430935e-30
step: 32
	0.0009763453349576543
	5.199887975544448e-30
step: 33
	0.0009180816284778056
	5.826865124111159e-30
step: 34
	0.0008648814969934041
	5.2293142763995305e-30
step: 35
	0.0008161747789350675
	5.0210886404762004e-30
step: 36
	0.0007714693568769633
	4.704738579826708e-30
step: 37
	0.0007303386812480553
	4.34208641847414e-30
step: 38
	0.0006924115603102084
	4.652368767188138e-06
	9.56565134962487e-07
	2.4242084983187453e-07
	6.997023858462567e-08
	2.1482912565893858e-08
	6.766756159756239e-09
	2.15250176755638e-09
	6.875494415057986e-10
	2.1994566037965884e-10
	7.040193273139783e-11
step: 39
	0.0006574258925046109
	0.00014909885848128865
	3.088753661219744e-05
	7.893803280295857e-06
	2.290764983081684e-06
	7.061393100675456e-07
	2.232088523237237e-07
	7.125884133668535e-08
	2.2837173134019214e-08
	7.328525493914468e-09
	2.353965422160315e-09
	7.562960184466007e-10
	2.43013381013002e-10
	7.808900839025632e-11
step: 40
	0.0006249746345253562
	0.00014363365043750258
	3.0107900012187957e-05
	7.753883379592302e-06
	2.2612956900869603e-06
	6.997138873892321e-07
	2.2194636324197507e-07
	7.109664601251985e-08
	2.2862458359652797e-08
	7.3630021164761145e-09
	2.3722487014977457e-09
	7.647699921711271e-10
	2.465746175362047e-10
	7.95036361733174e-11
step: 41
	0.0005948664232399423
	0.0001384673463774184
	2.935370685441288e-05
	7.615665190534892e-06
	2.2316296675387186e-06
	6.930961160648839e-07
	2.2059067314582612e-07
	7.08959965370595e-08
	2.2873099827464988e-08
	7.3907392961136625e-09
	2.38902045225073e-09
	7.727293265103784e-10
	2.499666525090189e-10
	8.086449592347614e-11
step: 42
	0.0005668826761140738
	0.0001335785279122003
	2.8625303421210315e-05
	7.479626465989421e-06
	2.2019415521181658e-06
	6.863432363119632e-07
	2.1916014659937492e-07
	7.06626914939578e-08
	2.2870892183136933e-08
	7.413728068005933e-09
	2.4041149352577797e-09
	7.801158646233385e-10
	2.53168910540453e-10
	8.216423088710009e-11
step: 43
	0.0005408281221638706
	0.0001289481282221793
	2.792140236500402e-05
	7.345759727812533e-06
	2.172258024195398e-06
	6.794662735906481e-07
	2.1765852885085615e-07
	7.039788225255365e-08
	2.285615065367768e-08
	7.4320397639688424e-09
	2.417541715751855e-09
	7.869272266244783e-10
	2.561785475754149e-10
	8.34011674249748e-11
step: 44
	0.0005165294233678787
	8.842765926877656e-05
	2.5268828255874722e-05
	9.885242862925943e-06
	5.070212932614832e-06
	2.8624271819697563e-06
	1.671600905099534e-06
	9.862077150374402e-07
	5.832463106849395e-07
	3.449438883109552e-07
	2.0389411484381745e-07
	1.20450839750832e-07
	7.112542955731491e-08
	4.19846074932352e-08
	2.4777036961199127e-08
	1.4618709187782893e-08
	8.625165161728753e-09
	5.088556072461106e-09
	3.0019503591459864e-09
	1.7709302254868844e-09
step: 45
	0.0004940242932879753
	0.0002737597553092589
	8.744674445869081e-05
	3.491732069189298e-05
	1.6815756536876982e-05
	9.11203827253478e-06
	5.22923330494849e-06
	3.071823807392172e-06
	1.8191288972924322e-06
	1.079535594159601e-06
	6.406408456958587e-07
	3.799710290946833e-07
	2.2523092453018559e-07
	1.3344317785236533e-07
	7.903541017572484e-08
	4.679899849793528e-08
	2.7706044410204783e-08
	1.640076377086856e-08
	9.707105021582137e-09
	5.745687133068837e-09
step: 46
	0.00047298982161190226
	0.00026514723728350835
	8.585834519249254e-05
	3.4699743792013895e-05
	1.6853608473250195e-05
	9.182936438278862e-06
	5.290985169764895e-06
	3.1187570929075135e-06
	1.8529419772108602e-06
	1.1031442720242753e-06
	6.567595935633363e-07
	3.907875962928764e-07
	2.3239042593791726e-07
	1.381296950645417e-07
	8.207360167577157e-08
	4.875545350505686e-08
	2.8957889721245763e-08
	1.7197208695048904e-08
	1.0211307073208619e-08
	6.0636440301864704e-09
step: 47
	0.00045310341955298594
	0.0002566083523499601
	8.408050016821995e-05
	3.433065105644526e-05
	1.6794696219761708e-05
	9.194939404895443e-06
	5.317322716263356e-06
	3.1444919272004e-06
	1.8741101349400904e-06
	1.1192371533004506e-06
	6.684275281864979e-07
	3.9897803649619853e-07
	2.380059963981504e-07
	1.4191175075798183e-07
	8.458553560533026e-08
	5.040530050924164e-08
	3.0031692090409314e-08
	1.7890839266830522e-08
	1.0656429588546592e-08
	6.34781580983154e-09
step: 48
	0.0004344453664031177
	0.0002484338125690922
	8.231949866862202e-05
	3.394002019014936e-05
	1.6718211691234317e-05
	9.195672919338677e-06
	5.336695534912367e-06
	3.165951197512039e-06
	1.8926709405254996e-06
	1.1337561361483228e-06
	6.791572897309286e-07
	4.0661699020802876e-07
	2.433022084892824e-07
	1.4551186614884807e-07
	8.699571129833161e-08
	5.199945622362766e-08
	3.1075840282800626e-08
	1.8569246497555e-08
	1.10941402633688e-08
	6.628678519187321e-09
step: 49
	0.0004169175517180961
	0.0006434857170125198
	0.0002714393692470377
	0.00014980480743467757
	9.325537888285491e-05
	6.134832873071807e-05
	4.14166734497418e-05
	2.831999114722247e-05
	1.9494278903013223e-05
	1.3468391022160152e-05
	9.324897827988653e-06
	6.46436787263333e-06
	4.484920156775927e-06
	3.1132119667120185e-06
	2.161793739921321e-06
	1.5014989036136998e-06
	1.043063635104756e-06
	7.246884607515785e-07
	5.035384532585776e-07
	3.499006648927615e-07
step: 50
	0.0004033984052038844
	0.00028994118395499907
	5.9608745584258404e-05
	3.0300359912254596e-05
	2.0681141690124197e-05
	1.4865843831209093e-05
	1.1098130628440862e-05
	8.47641841238315e-06
	6.55170589545128e-06
	5.093493746776528e-06
	3.970668481417e-06
	3.0993509817201325e-06
	2.4208012460523537e-06
	1.8915138512648536e-06
	1.4783339417245444e-06
	1.155652996835457e-06
	9.035747771025258e-07
	7.066299387845514e-07
	5.52663637303959e-07
	4.3231322956224866e-07
step: 51
	0.00038853362080488015
	0.00028473631017369197
	0.0001326203954098805
	6.657186526538274e-05
	3.693493796612888e-05
	2.3112807940525065e-05
	1.6074541990557732e-05
	1.2001329498114336e-05
	9.319869967022919e-06
	7.3776451803239514e-06
	5.889974691412884e-06
	4.717427561751294e-06
	3.7826194261233178e-06
	3.0334632378759513e-06
	2.432263642593438e-06
	1.9498234396308853e-06
	1.5626613466623593e-06
	1.2522015187427582e-06
	1.003410293695243e-06
	8.039006848662984e-07
step: 52
	0.0003762474084078747
	0.00022168566308126858
	8.720589298841713e-05
	4.6292534317869263e-05
	2.8514840054531798e-05
	1.960236554330678e-05
	1.4562103263890877e-05
	1.130908195129085e-05
	8.970396879357865e-06
	7.176274188376987e-06
	5.7573812936680675e-06
	4.621251140451821e-06
	3.7084990485273344e-06
	2.9750646594123216e-06
	2.3861403359929215e-06
	1.913614234007894e-06
	1.5346889408449922e-06
	1.2310071596593141e-06
	9.874509499846797e-07
	7.922286122039251e-07
step: 53
	0.00036241094897859234
	0.00021527493855143652
	8.561120592715172e-05
	4.584693552590699e-05
	2.8418072971380628e-05
	1.9619633046066532e-05
	1.46205119217266e-05
	1.1385259205685197e-05
	9.055095227558775e-06
	7.26418811137909e-06
	5.844727051011249e-06
	4.705250848415235e-06
	3.7872750978910002e-06
	3.047499338545417e-06
	2.4517106208333556e-06
	1.9722304911344713e-06
	1.5865569943455037e-06
	1.2765262635744716e-06
	1.0271108359631428e-06
	8.265800215192036e-07
step: 54
	0.0003494016725644149
	0.000208761076395167
	8.396563817307152e-05
	4.88291336281226e-05
	3.2479793846798984e-05
	2.3298038715383173e-05
	1.736037143994737e-05
	1.3237793869713823e-05
	1.0253827501810155e-05
	8.03446066655595e-06
	6.348467399280123e-06
	5.046670499632672e-06
	4.029047591182345e-06
	3.2262958586945487e-06
	2.5889827853691084e-06
	2.0806934862589013e-06
	1.6740998456980851e-06
	1.3479765055474053e-06
	1.0860866908994491e-06
	8.75539418095856e-07
step: 55
	0.0003374097406288888
	0.0002665769797593362
	9.716270808182004e-05
	4.742597925497494e-05
	3.0892934399255224e-05
	2.3380988353607757e-05
	1.857637641272078e-05
	1.4903387696745047e-05
	1.1950900420978739e-05
	9.56622989778741e-06
	7.649467090894159e-06
	6.11584199839248e-06
	4.891996203263785e-06
	3.916317153744749e-06
	3.13840764471564e-06
	2.5177293721822064e-06
	2.0219775007342056e-06
	1.625526988721723e-06
	1.3080878333191993e-06
	1.05361391103349e-06
step: 56
	0.00032644177642793455
	0.0012083574504436862
	0.0002863209404780365
	9.368976161787223e-05
	4.233264640080813e-05
	2.5119316623537682e-05
	1.7796206386593813e-05
	1.3730846894625548e-05
	1.0960817983088009e-05
	8.860736940571648e-06
	7.198570198179415e-06
	5.862315248702399e-06
	4.782093654984678e-06
	3.9060053016458355e-06
	3.193930227222875e-06
	2.6141323256310674e-06
	2.141282861341935e-06
	1.7551454227967018e-06
	1.4394509208566923e-06
	1.1811240282391527e-06
step: 57
	0.00031613733953193786
	0.00019712164903194573
	9.520239611851954e-05
	5.415973267021227e-05
	3.596721845731161e-05
	2.6715686863930462e-05
	2.0958497241403165e-05
	1.6805817893205334e-05
	1.3593742986725692e-05
	1.1042917404681522e-05
	8.996909068212198e-06
	7.348175398436603e-06
	6.014088833094151e-06
	4.930826753413793e-06
	4.048420745245978e-06
	3.3277334094943673e-06
	2.737795997378079e-06
	2.2540401136755156e-06
	1.8568274151987518e-06
	1.530348002172394e-06
step: 58
	0.00030673845919889216
	0.00022292200773398857
	9.220480696253289e-05
	5.493041390066469e-05
	3.825656090285926e-05
	2.8928961882574016e-05
	2.2703406867992063e-05
	1.812010540743647e-05
	1.4594787761736363e-05
	1.1828438661681709e-05
	9.632459746550807e-06
	7.874267204645835e-06
	6.456386212367978e-06
	5.306480574291651e-06
	4.3691343098869266e-06
	3.6021727910891393e-06
	2.972725405547603e-06
	2.4551139164429123e-06
	2.028766039435188e-06
	1.6771876371417666e-06
step: 59
	0.00029724784080179884
	0.00018996090200702276
	9.944733525738823e-05
	6.113150791937871e-05
	4.304276286831791e-05
	3.312084096454819e-05
	2.646347450766741e-05
	2.1375525497843463e-05
	1.7289065618798843e-05
	1.3973666296325893e-05
	1.1290402288028294e-05
	9.127971356885349e-06
	7.3902712226769295e-06
	5.995246017478668e-06
	4.874955649037184e-06
	3.973179843364051e-06
	3.245709754792187e-06
	2.6574708357825925e-06
	2.180268412048173e-06
	1.7921899190975173e-06
step: 60
	0.0002882974219337024
	0.0005555864864964302
	0.00021127346724177012
	0.00011738950061088744
	8.099292795974656e-05
	6.2562870312416e-05
	5.061371461351011e-05
	4.159613421489261e-05
	3.434451314877444e-05
	2.8400886275857255e-05
	2.3513730199392694e-05
	1.9500254885355728e-05
	1.6204810912702804e-05
	1.3498000687041438e-05
	1.1270915102048336e-05
	9.433925798607633e-06
	7.914189793655968e-06
	6.65298354557865e-06
	5.602817317423265e-06
	4.726208682895199e-06
step: 61
	0.0002888007367424989
	0.00019138567266374805
	0.00014379381289253163
	8.076972673472257e-05
	5.4929808843826954e-05
	4.108678579343674e-05
	3.258040712635522e-05
	2.661966503985367e-05
	2.2055328980983085e-05
	1.839018830857339e-05
	1.5382032832419125e-05
	1.289059786498865e-05
	1.0819750843501783e-05
	9.095762697976644e-06
	7.658914658173417e-06
	6.4598820532896994e-06
	5.457802268122083e-06
	4.618800149047518e-06
	3.914817075808967e-06
	3.3232325443710607e-06
step: 62
	0.0002759851692955821
	0.0012876928729596713
	0.0002768731662917917
	0.00010508422298062585
	5.6759468547011604e-05
	3.791786806900825e-05
	2.8420203195521517e-05
	2.259776357402625e-05
	1.8522336816839928e-05
	1.5425771073268138e-05
	1.295778101064062e-05
	1.0937444739113086e-05
	9.26072834386889e-06
	7.858111628139198e-06
	6.680057941295476e-06
	5.688183735849067e-06
	4.851563852572041e-06
	4.14460095978012e-06
	3.5462762002175696e-06
	3.0387736647084243e-06
step: 63
	0.00026680137644357824
	0.00027267559836096505
	0.00011605053570624231
	7.299138125775497e-05
	5.1789766077060215e-05
	4.003245799837084e-05
	3.258528277667599e-05
	2.723490769030514e-05
	2.3041852444359077e-05
	1.9595426754097353e-05
	1.6698835561724057e-05
	1.4241834226882728e-05
	1.2151401050065161e-05
	1.0371502585500614e-05
	8.856178892476417e-06
	7.566480250766594e-06
	6.468975289386956e-06
	5.534876274097402e-06
	4.73974045541055e-06
	4.062487041586131e-06
step: 64
	0.00026206290658355305
	0.00017717141622004102
	9.958788424916795e-05
	6.704925190504037e-05
	4.9912492708446483e-05
	4.0033456596804e-05
	3.348475594348381e-05
	2.8529135667763466e-05
	2.4458358811364842e-05
	2.098871476730461e-05
	1.799671253020185e-05
	1.5414069730062248e-05
	1.319050539462116e-05
	1.1282370648924318e-05
	9.64931161381472e-06
	8.25450187556573e-06
	7.064649464585504e-06
	6.050234177967904e-06
	5.185625778565385e-06
	4.448458119785378e-06
step: 65
	0.00025546844141087656
	0.00017426619475304422
	9.922830249331424e-05
	6.74711408077167e-05
	5.059943673486925e-05
	4.079257499811752e-05
	3.424465936274245e-05
	2.9262063832364587e-05
	2.5152143505373694e-05
	2.1637390558646218e-05
	1.8597540584491455e-05
	1.5966385966009173e-05
	1.369510891361128e-05
	1.1741084140316071e-05
	1.0064623083813405e-05
	8.629293661788188e-06
	7.401989100315496e-06
	6.353219500738673e-06
	5.4572971305410285e-06
	4.6917203075778175e-06
step: 66
	0.0002487528651441562
	0.0005133472479682459
	0.0006755161829991462
	0.0003799254270464698
	0.0002491174941264166
	0.00018153736292753173
	0.00014248578830453444
	0.00011751943577105831
	9.999585613268133e-05
	8.671399778243982e-05
	7.606060639230032e-05
	6.719608674679284e-05
	5.9647897813285e-05
	5.3128546607543737e-05
	4.744613605758175e-05
	4.2465284543131374e-05
	3.8079068314657465e-05
	3.42031074568389e-05
	3.076798464512639e-05
	2.7715581978136914e-05
step: 67
	0.0002886178980119285
	0.0002004870750401568
	0.0001235557646149304
	9.342324449552397e-05
	7.86205344894434e-05
	6.980262651339241e-05
	6.330628835228475e-05
	5.780044396789601e-05
	5.2821930917018765e-05
	4.823140209057231e-05
	4.3993038163824e-05
	4.0094887387772766e-05
	3.652475518015721e-05
	3.3265546542774905e-05
	3.029561846705345e-05
	2.7594022383838534e-05
	2.5137524042915345e-05
	2.2903001111565376e-05
	2.087102826191218e-05
	1.9022751194703052e-05
step: 68
	0.00026769570536313376
	0.0005970614226705232
	0.00020888517257893827
	0.00012485269152940902
	7.720060326876989e-05
	6.256341080103593e-05
	5.514966112291541e-05
	4.991957658259107e-05
	4.5529318895147455e-05
	4.1601001245277085e-05
	3.802418545463598e-05
	3.4757641272627196e-05
	3.1775480019771185e-05
	2.905426863412057e-05
	2.6571255628701085e-05
	2.430459890730201e-05
	2.223585021630149e-05
	2.0346260854371176e-05
	1.8619619693639637e-05
	1.704166161505833e-05
step: 69
	0.00025743769746681446
	0.001751275059060457
	0.0004937490576907835
	0.0002676521317397797
	0.0001791841253635187
	0.00013081071009930147
	0.00010032129516985365
	7.87924544433379e-05
	6.318703924880895e-05
	5.152212328942902e-05
	4.261566828210237e-05
	3.567305273949291e-05
	3.0171827558119176e-05
	2.573553012021021e-05
	2.2109764204689057e-05
	1.9111772348308326e-05
	1.6609073696670636e-05
	1.45031851422944e-05
	1.2718279306837425e-05
	1.1196424577484994e-05
step: 70
	0.00023787756705032496
	0.0001633628275934799
	9.615491998615326e-05
	7.120871983703553e-05
	5.910565454418431e-05
	5.198146952051982e-05
	4.674788420933376e-05
	4.230527889882011e-05
	3.8318745664021524e-05
	3.470094737388246e-05
	3.142625635054951e-05
	2.8475498704431098e-05
	2.5824900510561476e-05
	2.344691215002109e-05
	2.1313903312261428e-05
	1.939861172340934e-05
	1.767656639758174e-05
	1.612564506928476e-05
	1.4726718239298519e-05
	1.3462798883864017e-05
step: 71
	0.00023899811814499718
	0.0001698717753970784
	0.00011411628163797217
	7.778089262331663e-05
	6.477918826851486e-05
	5.728030352065762e-05
	5.180747192230949e-05
	4.722735535541911e-05
	4.3150918019945054e-05
	3.9447475700044335e-05
	3.606984975663642e-05
	3.299266845440351e-05
	3.0194432287344812e-05
	2.765240091751064e-05
	2.5343335340494208e-05
	2.3244981526569544e-05
	2.1336421966722642e-05
	1.9598281361363496e-05
	1.8014276851621087e-05
	1.656800736292758e-05
step: 72
	0.00023899211496578932
	0.00017192805564806985
	0.00011040783454500124
	8.658397889975334e-05
	7.275731990300844e-05
	6.371167968042037e-05
	5.716481171700176e-05
	5.195237638381228e-05
	4.7501610613917236e-05
	4.3546937405334995e-05
	3.9968330261986786e-05
	3.670807485235038e-05
	3.3733029078478974e-05
	3.101758375394313e-05
	2.8539239631948774e-05
	2.6276898577997252e-05
	2.421045381953242e-05
	2.23212869215529e-05
	2.0592477256180443e-05
	1.9008585200309538e-05
step: 73
	0.00023764915120248411
	0.00018825042658635318
	0.00013772673745661947
	9.905271154656009e-05
	7.968871472142461e-05
	6.837304486344703e-05
	6.0928294479060315e-05
	5.536776884649345e-05
	5.077368535136117e-05
	4.673904380066104e-05
	4.308851790578283e-05
	3.9745490773418195e-05
	3.667308716295522e-05
	3.384737277740999e-05
	3.124999615607119e-05
	2.8863213169191122e-05
	2.6670136630723375e-05
	2.4654608078567254e-05
	2.2801414236143346e-05
	2.1096424627541217e-05
step: 74
	0.00023573447064486708
	0.0004311503340342007
	0.00015095677946819132
	9.987097327881326e-05
	8.040581795799177e-05
	7.021791363904659e-05
	6.336240169987315e-05
	5.7943734977807474e-05
	5.3294737800241984e-05
	4.9151306728307213e-05
	4.539301678531606e-05
	4.195593099381087e-05
	3.880039987836573e-05
	3.589815567108386e-05
	3.32266237718168e-05
	3.0765969255396214e-05
	2.8498532306128352e-05
	2.6408121843462774e-05
	2.4480045531075996e-05
	2.2700684296511067e-05
step: 75
	0.00023304265623960444
	0.00018229735295227534
	0.00012501938219841853
	9.578509981480802e-05
	8.003579104167376e-05
	9.044966822594722e-05
	6.710252102358415e-05
	5.995594109595232e-05
	5.4673647314945864e-05
	5.022336825883426e-05
	4.630380325898617e-05
	4.277182419584571e-05
	3.9551377395041014e-05
	3.659783066930408e-05
	3.388151576875578e-05
	3.1380024219790115e-05
	2.9074653509596288e-05
	2.6948275641054937e-05
	2.4987054188743966e-05
	2.3176911526917372e-05
step: 76
	0.0002291072807148842
	0.0009071226443073882
	0.00022242174669896144
	0.00012196985539450795
	9.034253163581691e-05
	7.611163481236097e-05
	6.775790820984002e-05
	6.166522418353896e-05
	5.659510585637406e-05
	5.211529320671101e-05
	4.8068038449331366e-05
	4.438470049263565e-05
	4.102462389076752e-05
	3.795562742390946e-05
	3.5149058825054764e-05
	3.2578721087936736e-05
	3.0220919900520424e-05
	2.805477710963316e-05
	2.6061364438874044e-05
	2.42242943189832e-05
step: 77
	0.0002259630842808611
	0.0007578534761974984
	0.0019452714094869937
	0.0010322769818780129
	0.0006139708832487252
	0.0004019951874901307
	0.0002869377643855626
	0.00022019546287105937
	0.00017863753818075343
	0.00015092692451665454
	0.00013122717840023117
	0.00011640613255459695
	0.00010473944383192805
	9.522464230236187e-05
	8.724974288174764e-05
	8.042521150919138e-05
	7.44951322912782e-05
	6.92666375542827e-05
	6.46091432739831e-05
	6.0427481514973066e-05
step: 78
	0.00028146563890042676
	0.00021511382903749942
	0.0001634559070586755
	0.0001400693458749272
	0.00012647613485750948
	0.00011807045615995177
	0.00011157547088074098
	0.00010579874335288319
	0.00010035044654674435
	9.513782164093353e-05
	9.015164319734524e-05
	8.540478530314713e-05
	8.090437468850304e-05
	7.664947946364881e-05
	7.263187785817854e-05
	6.883984659393192e-05
	6.526014252090553e-05
	6.187931705536561e-05
	5.868442132529253e-05
	5.566333000325249e-05
step: 79
	0.00027105062691222363
	0.00021789566475064658
	0.00016260068352122608
	0.0001377079492786592
	0.00012342610453410055
	0.00011454131463487887
	0.0001081043267494468
	0.00010267391921294237
	9.767169466007312e-05
	9.290896442686579e-05
	8.834042122005013e-05
	8.396664160213473e-05
	7.979038335719597e-05
	7.581340694522398e-05
	7.203224144080961e-05
	6.844035912381432e-05
	6.502960348323615e-05
	6.179111518787198e-05
	5.871598747806751e-05
	5.579559391980066e-05
step: 80
	0.00026621462711352324
	0.00048740664658464993
	0.00024047757851445835
	0.0005558020953075648
	0.0001738900585288006
	0.0001251162208951416
	0.00011018942143528612
	0.0001014186350662262
	9.450791604115003e-05
	8.854715213919132e-05
	8.325220439044732e-05
	7.86362019084224e-05
	7.413134042304355e-05
	7.015898102681164e-05
	6.650170218920875e-05
	6.310340496465143e-05
	5.992842064550183e-05
	5.694999554296974e-05
	5.4147023808652405e-05
	5.150228344501409e-05
step: 81
	0.00025552821603161803
	0.0002106594402966256
	0.00016328716226428165
	0.0001337121225463983
	0.00012025859258400445
	0.00011212996095794174
	0.00010601193564310115
	0.00010069516683880849
	9.576317537898187e-05
	9.109194295254826e-05
	8.665047803386413e-05
	8.243603374038234e-05
	7.844115621921754e-05
	7.465735352210059e-05
	7.10734451809442e-05
	6.767751869781344e-05
	6.445722475015982e-05
	6.140100979060491e-05
	5.849826269853111e-05
	5.5739349801149305e-05
step: 82
	0.000257561300420151
	0.0003921681316326724
	0.0002021758653008068
	0.00015047671786224312
	0.00012945191506667764
	0.00011863413990193965
	0.00011151649694898842
	0.00010580252383551613
	0.00010068830458184481
	9.590802276127604e-05
	9.137902863879401e-05
	8.707501067113679e-05
	8.29872734659189e-05
	7.910372530493126e-05
	7.54139717681032e-05
	7.190748775052851e-05
	6.857317147751686e-05
	6.540098167249601e-05
	6.238127251364565e-05
	5.950532754559258e-05
step: 83
	0.0002588407897655448
	0.0008772882877965002
	0.0003786900806876549
	0.0002475264799367247
	0.0001855480171700617
	0.00015195076011421
	0.00013151941216806313
	0.00011774104883232537
	0.00010760072874507424
	9.96363354047493e-05
	9.306687675681021e-05
	8.745552617989537e-05
	8.253455888577463e-05
	7.813504991487083e-05
	7.414239134631193e-05
	7.047621133678792e-05
	6.708017875614731e-05
	6.391277128095404e-05
	6.0942851385731155e-05
	5.814639417329448e-05
step: 84
	0.0002525612553882989
	0.0054052580201290855
	0.001031549357055715
	0.00031749788412425176
	0.0001741623105436105
	0.00018694900498368282
	0.0001439037156562188
	0.00012466949846555824
	0.00011335755052497041
	0.0001053547861932801
	9.89626964612256e-05
	9.348127174797127e-05
	8.85987979799167e-05
	8.415339837788505e-05
	8.00549131141593e-05
	7.624579302798841e-05
	7.268545302363611e-05
	6.934345405096778e-05
	6.619591428900648e-05
	6.322315994790929e-05
step: 85
	0.0002565387730063883
	0.000708323222510402
	0.0003074227642029084
	0.00019518902242562653
	0.00015530684259097447
	0.00013675710092871972
	0.0001255942322879156
	0.00011743171917529514
	0.00011071366662521436
	0.00010482098831332467
	9.948923892973064e-05
	9.457923446671775e-05
	9.001675247036827e-05
	8.575396771013273e-05
	8.175672136888053e-05
	7.799822598489346e-05
	7.445618162093039e-05
	7.111154588841824e-05
	6.79477353215502e-05
	6.49502932227664e-05
step: 86
	0.0002559220790667736
	0.0002217053357151004
	0.0001757522480717615
	0.00015312301214839375
	0.00013955514156245263
	0.00013071586212835243
	0.0001240982160964776
	0.00011845018538388403
	0.00011324143648595234
	0.0001082847399558479
	0.0001035257770215316
	9.896277295796613e-05
	9.459702780705172e-05
	9.043140510051374e-05
	8.646387867782056e-05
	8.268903222258641e-05
	7.909881456308968e-05
	7.568388805209374e-05
	7.243405426770736e-05
	6.93401981640708e-05
step: 87
	0.0002583442210113522
	0.00022639001311110485
	0.00018121903943090945
	0.0001585530831169671
	0.00014486243639935385
	0.00013591686705782612
	0.0001292231638354713
	0.00012351313193733484
	0.0001182442673931866
	0.00011322363662352218
	0.00010839314535873975
	0.00010375088625218798
	9.929869224006904e-05
	9.504073305114395e-05
	9.097639036337386e-05
	8.710139582246295e-05
	8.34088121601322e-05
	7.988983572604942e-05
	7.653600814407706e-05
	7.333785166151597e-05
step: 88
	0.00026023649317570124
	0.0017489414150288433
	0.000564562633203327
	0.0005254692775336101
	0.0002281725172131072
	0.00016836654937882477
	0.00014570945997956675
	0.0001331429330353706
	0.00012431430973705105
	0.0001172049499194408
	0.00011106260859133065
	0.00010555739023826285
	0.00010052718930579719
	9.587935281369012e-05
	9.155343906392805e-05
	8.750690021828903e-05
	8.37061904155959e-05
	8.012517021505717e-05
	7.674180352368647e-05
	7.353741918688953e-05
step: 89
	0.0002579965688704489
	0.00022057552846626433
	0.0001808148437448936
	0.00016251673295675635
	0.0001505272596424636
	0.0001420811423369126
	0.0001356735494036707
	0.00012991465799792567
	0.00012469338776661186
	0.00011955847604821553
	0.00011470136571728036
	0.00011002927955359297
	0.0001055400679579792
	0.00010123627818492593
	9.711713414836108e-05
	9.31787146270209e-05
	8.941566295064304e-05
	8.58208146126532e-05
	8.238611729315824e-05
	7.910351965915007e-05
step: 90
	0.00026235483627907406
	0.0005666661381627423
	0.0002561308653621123
	0.0001878771907285319
	0.0001627718813010865
	0.00015058960869165268
	0.0001832800414662976
	0.000149732683489377
	0.0001361658563501606
	0.00012803649656790525
	0.00012189089854566605
	0.0001166118339878519
	0.0001117949148143894
	0.00010727683805340759
	0.00010299029820478879
	9.890394910446176e-05
	9.500043930140358e-05
	9.126742220175764e-05
	8.769562454655379e-05
	8.427613621776758e-05
step: 91
	0.0002659420123457957
	0.0015462161764022882
	0.00035014425016600004
	0.0002028192154359794
	0.00017148620121597885
	0.00015875798458104596
	0.00015074864353222518
	0.00014431908094645558
	0.00013852402335707677
	0.00013305270808051177
	0.0001278100306024024
	0.00012276915167903915
	0.0001179299438638214
	0.00011328890126444464
	0.00010884377601430558
	0.0001045894543222319
	0.00010051972346741722
	9.662636980523184e-05
	9.290112081847846e-05
	8.933498369241253e-05
step: 92
	0.00026991717358034026
	0.0008297813680371749
	0.0002610141805477917
	0.0002620390140251225
	0.00018182212024457167
	0.00016513958857981926
	0.0001559674232419601
	0.00014908328055960278
	0.00014313288577072364
	0.00013762776458120044
	0.00013238837940930014
	0.0001273550638488879
	0.00012251497866143683
	0.0001178615107345933
	0.00011339315053792773
	0.0001091061398904983
	0.00010499520183118907
	0.00010105338786817007
	9.727325484138853e-05
	9.364718211527918e-05
step: 93
	0.0002718809536169847
	0.00023481614868455802
	0.008419620706176247
	0.003990704614558156
	0.00202334564260525
	0.0021516321797856713
	0.0013042368231602104
	0.0008678874661763033
	0.000606286210365263
	0.0004456096552960449
	0.00034320518300562684
	0.0002765258364314646
	0.00023223424642274332
	0.00020231220430069887
	0.00018153251900024204
	0.00016669171934098005
	0.00015571303379208011
	0.00014728918869743592
	0.00014056539893969638
	0.00013497909280520902
step: 94
	0.000323925324357186
	0.002036203044651898
	0.0006403640010437601
	0.0003898332858832103
	0.0003047095615334972
	0.00026517707590222815
	0.00024306464279748974
	0.00022919689446445553
	0.00021937066468982592
	0.00021159701398771667
	0.00020490129844727718
	0.00019880119375638065
	0.00019307276706892614
	0.0001876061790011406
	0.0001823405959392228
	0.0001772541638934937
	0.00017232995586361464
	0.00016755754790316062
	0.0001629293048168381
	0.0001584393094398648
step: 95
	0.00036169260021140786
	0.0007514978756494878
	0.0004168917596804169
	0.0003176753824233867
	0.0002742919258591245
	0.00025356885122216634
	0.00024172166909241935
	0.00023353380671172654
	0.0002268858401398411
	0.00022090644685663412
	0.0002152441090520931
	0.0002116178342872771
	0.0002047491453363457
	0.00019934733435398097
	0.00019414530334086057
	0.00018908042995561516
	0.00018414065913622936
	0.0001793204730124056
	0.0001746167509625112
	0.00017002729761865555
step: 96
	0.00037160349411249693
	0.0006324557193686396
	0.00041635975504698906
	0.00033610544845634363
	0.0002957807086850892
	0.00027275220731712144
	0.00025815375458797105
	0.00024782455721931063
	0.00023970717735555662
	0.00023276862569031106
	0.000226474072017789
	0.0002205838911257571
	0.0002149598660657132
	0.0002095312895780095
	0.0002042607693235818
	0.00019912796079931403
	0.00019412120054647716
	0.0001892332376329271
	0.0001844595779319629
	0.00017979668185064818
step: 97
	0.0003794451535631609
	0.0011809340733250188
	0.0004725756213203908
	0.00034068760049439775
	0.0002961115709123211
	0.0002763070151030527
	0.000265051292482437
	0.00025698943313898063
	0.00025020563500443817
	0.00024397299461043735
	0.000238694774202785
	0.0002324573160895727
	0.00022670617898497853
	0.00022113139476449728
	0.00021568883472003025
	0.00021036784337757252
	0.00020516534076941647
	0.00020007987483798548
	0.00019511043174453394
	0.0001902554400349855
step: 98
	0.00038942061610964943
	0.004235679073593264
	0.0008953300539727626
	0.00040774973943001527
	0.0003089431781463752
	0.001246441728588909
	0.0007629898901930092
	0.0005410974067506017
	0.00042180253060517637
	0.0003526326935726709
	0.00030966099752179196
	0.0002811893856622307
	0.0002611573662917808
	0.000246222363266538
	0.0002345059040771595
	0.0002249021384060448
	0.0002167222795324295
	0.00020953340392127411
	0.0002030622986536679
	0.000537805884495609
step: 99
	0.0007286174953006671
	0.0018596226647341566
	0.00046653754222671453
	0.0003272593268044477
	0.0002991628265894033
	0.000286638455845681
	0.00027798648171199807
	0.0002708470323857537
	0.0002643994138351779
	0.00025828556714693296
	0.00025234968654055636
	0.00024653052859089985
	0.00024080896403042657
	0.00023518331412422346
	0.0002296581338773527
	0.0002242390058572099
	0.0002189294129067896
	0.00021373194809455343
	0.00020864779248902605
	0.0002036769381279475
step: 100
	0.00040167554737899884
	0.0003926248119738778
	0.0003419161599343471
	0.00031996461343007
	0.0003057870301220344
	0.0002957985708013573
	0.0002879947313955071
	0.00028127011231144467
	0.00027503959315165874
	0.00026905435408596353
	0.0002631839776031412
	0.0002573904200589267
	0.000251667023996345
	0.00024601746845383905
	0.0002404505454539113
	0.00023497351319670128
	0.00022959302323232483
	0.00022431343465335714
	0.00021913828267222538
	0.00021406934638318613
 
Elapsed CPU time: 469.29319524765015[sec]
file log is save in ./log/PlateWithHole2D_QuadMesh4_506_463.dat
